%YAML 1.1
--- !Scene &1
name: ""
guid: {a: 7875085725817850609, b: 329766013828765107}
editSceneGuid: {a: 0, b: 0}
calibrateVer: V5
entities:
  - __class: Entity
    name: Camera
    guid: {a: 17892678610801857370, b: 559697082159424149}
    scene: {localId: 1}
    selfvisible: true
    components:
      - {localId: 2}
      - __class: Camera
        name: ""
        guid: {a: 12556560734000964803, b: 7508859945702231687}
        enabled: true
        layerVisibleMask: {__class: DynamicBitset, numBits: 64, values: [1, 0]}
        renderOrder: 10
        type:
          __class: CameraType
          value: PERSPECTIVE
        clearColor: {r: 0, g: 0, b: 0, a: 1}
        clearType:
          __class: CameraClearType
          value: DEPTH
        alwaysClear: true
        viewport: {x: 0, y: 0, w: 1, h: 1}
        fovy: 60
        orthoScale: 1
        zNear: 0.1000000014901161
        zFar: 1000
        renderTexture: {localId: 1, path: 00000000-0000-0000-0000-000000000009}
        isRootCamera: false
    layer: 0
  - __class: Entity
    name: Directional Light
    guid: {a: 3261253174792506660, b: 16680708562180406145}
    scene: {localId: 1}
    selfvisible: true
    components:
      - {localId: 3}
      - __class: DirectionalLight
        name: ""
        guid: {a: 13350271480239526722, b: 3096813384112271290}
        enabled: true
        color: {x: 1, y: 1, z: 1}
        intensiy: 1
        shadowEnable: false
        shadowEnableNew: false
        shadowResolution: {x: 256, y: 256}
        shadowBias: 0
        shadowStrength: 1
        useSoftShadow: false
        shadowSoftness: 1
        blurRadius: 1.299999952316284
        blurNum: 0
        selfShadowGradient: 0
        shadowColor: {x: 0, y: 0, z: 0}
        InitStrength: 0.300000011920929
        EsmC: 0.03500000014901161
        lightingLayers: {__class: DynamicBitset, numBits: 64, values: [1, 0]}
        renderMode:
          __class: LightRenderMode
          value: AUTO
        shadowArea: 100
        autoShadowFrustum: true
        shadowFrustumZNear: 1
        shadowFrustumZFar: 100
        cookieSize: 1
        softShadowType:
          __class: SoftShadowType
          value: PCF
        EVSMExponents: {x: 4, y: 4}
        contactShadowEnable: false
        lightUnit:
          __class: LightUnit
          value: Lux
    layer: 0
  - __class: Entity
    name: alien
    guid: {a: 6719795401236212329, b: 9676657086026859402}
    scene: {localId: 1}
    selfvisible: true
    components:
      - {localId: 4}
    layer: 0
  - __class: Entity
    name: SkeletonAndRenderRoot
    guid: {a: 4053247595821024282, b: 1071993443168501419}
    scene: {localId: 1}
    selfvisible: true
    components:
      - {localId: 6}
    layer: 0
  - __class: Entity
    name: alien:default1
    guid: {a: 13278617939576972454, b: 9455879849892894336}
    scene: {localId: 1}
    selfvisible: true
    components:
      - {localId: 7}
      - __class: SkinMeshRenderer
        name: mesh0_renderer
        guid: {a: 14865077807609155140, b: 15642187376520821412}
        enabled: true
        sharedMaterials:
          - {localId: 1, path: cd65448f-4b2d-90cd-8ce2-2ca294b45345--cd65448f-4b2d-90cd-8ce2-2ca294b45345-skin.material}
        sortingOrder: 4
        autoSortingOrder: true
        useFrustumCulling: true
        receiveShadow: true
        lightProbeBlendMode:
          __class: LightProbeBlendMode
          value: OFF
        entirePingPong: false
        mesh: {localId: 1, path: 0f580fc5-582b-79db-89e4-14b6e955a9f2--alien:default1.mesh}
        gpuTextureSkinning: false
        useCoarseMesh: false
        castShadow: false
        skin:
          __class: Skin
          name: ""
          guid: {a: 13709861740655080551, b: 8997527860022530206}
          skelRootName: ""
          joints:
            - __class: Joint
              name: alien:Head
              guid: {a: 9317535110168094380, b: 2298732658161724350}
              invBindPosMatrix: {__class: Matrix4x4f, values: [1, 0, 0, 0, 0, 1, 1e-15, 0, 0, -1e-15, 1, 0, -0.001094818, -143.1157, 3.00257, 1]}
              boundingBox: {min: {x: -7.930992, y: 0, z: 0}, max: {x: 7.932155, y: 159.9893, z: 10.77025}}
              jointTransform: {localId: 16}
          positionOnly: false
          useTangent: true
    layer: 0
  - __class: Entity
    name: alien:Eyelashes
    guid: {a: 2400327806421097971, b: 9796187341747669388}
    scene: {localId: 1}
    selfvisible: true
    components:
      - {localId: 8}
      - __class: SkinMeshRenderer
        name: mesh1_renderer
        guid: {a: 2757569237888963072, b: 6320080247415020438}
        enabled: true
        sharedMaterials:
          - {localId: 1, path: cd65448f-4b2d-90cd-8ce2-2ca294b45345--cd65448f-4b2d-90cd-8ce2-2ca294b45345-skin.material}
        sortingOrder: 5
        autoSortingOrder: true
        useFrustumCulling: true
        receiveShadow: true
        lightProbeBlendMode:
          __class: LightProbeBlendMode
          value: OFF
        entirePingPong: false
        mesh: {localId: 1, path: 0f580fc5-582b-79db-89e4-14b6e955a9f2--alien:Eyelashes.mesh}
        gpuTextureSkinning: false
        useCoarseMesh: false
        castShadow: false
        skin:
          __class: Skin
          name: ""
          guid: {a: 7730137802815635181, b: 14700555315060054185}
          skelRootName: ""
          joints:
            - __class: Joint
              name: alien:Head
              guid: {a: 2540581877441678166, b: 14586565636925109646}
              invBindPosMatrix: {__class: Matrix4x4f, values: [1, 0, 0, 0, 0, 1, 1e-15, 0, 0, -1e-15, 1, 0, -0.001094818, -143.1157, 3.00257, 1]}
              boundingBox: {min: {x: -9.542185, y: 0, z: 0}, max: {x: 9.760061, y: 158.37, z: 13.05773}}
              jointTransform: {localId: 16}
          positionOnly: false
          useTangent: true
    layer: 0
  - __class: Entity
    name: alien:Body
    guid: {a: 2541364831415977216, b: 17997335690076521866}
    scene: {localId: 1}
    selfvisible: true
    components:
      - {localId: 9}
      - __class: SkinMeshRenderer
        name: mesh2_renderer
        guid: {a: 7081636382143650276, b: 14898570127604920718}
        enabled: true
        sharedMaterials:
          - {localId: 1, path: cd65448f-4b2d-90cd-8ce2-2ca294b45345--cd65448f-4b2d-90cd-8ce2-2ca294b45345-skin.material}
        sortingOrder: 6
        autoSortingOrder: true
        useFrustumCulling: true
        receiveShadow: true
        lightProbeBlendMode:
          __class: LightProbeBlendMode
          value: OFF
        entirePingPong: false
        mesh: {localId: 1, path: 0f580fc5-582b-79db-89e4-14b6e955a9f2--alien:Body.mesh}
        gpuTextureSkinning: false
        useCoarseMesh: false
        castShadow: false
        skin:
          __class: Skin
          name: ""
          guid: {a: 12342034188498895920, b: 9134154316114931608}
          skelRootName: ""
          joints:
            - __class: Joint
              name: alien:LeftShoulder
              guid: {a: 8811297481030706658, b: 8178380821895580845}
              invBindPosMatrix: {__class: Matrix4x4f, values: [-0.03643135, 0.9621288, -0.2701498, 0, -0.1316108, -0.272594, -0.9530851, 0, -0.9906318, 0.0008324492, 0.1365575, 0, 12.9722, 31.28807, 130.2657, 1]}
              boundingBox: {min: {x: 0, y: 0, z: -9.878981}, max: {x: 34.05543, y: 138.3417, z: 6.127074}}
              jointTransform: {localId: 18}
            - __class: Joint
              name: alien:LeftArm
              guid: {a: 8813249982579214403, b: 4146782290042235815}
              invBindPosMatrix: {__class: Matrix4x4f, values: [-0.06280912, 0.9979312, -0.01372219, 0, -0.1240839, -0.02145094, -0.9920399, 0, -0.9902819, -0.06060644, 0.1251745, 0, 12.42648, -14.14417, 131.0409, 1]}
              boundingBox: {min: {x: 0, y: 0, z: -9.878981}, max: {x: 58.89309, y: 137.0426, z: 4.54425}}
              jointTransform: {localId: 19}
            - __class: Joint
              name: alien:Spine2
              guid: {a: 16955753756823109685, b: 13406868624246542232}
              invBindPosMatrix: {__class: Matrix4x4f, values: [1, 0, 0, 0, 0, 0.9912964, 0.1316492, 0, 0, -0.1316492, 0.9912964, 0, -0.001094818, -121.8582, -12.97476, 1]}
              boundingBox: {min: {x: -40.64173, y: 0, z: -9.974071}, max: {x: 36.46193, y: 144.8985, z: 10.48731}}
              jointTransform: {localId: 14}
            - __class: Joint
              name: alien:LeftForeArm
              guid: {a: 11262080458715205106, b: 9771532988271167160}
              invBindPosMatrix: {__class: Matrix4x4f, values: [0.03661165, 0.9991596, 0.01843296, 0, -0.1256008, 0.02289981, -0.9918165, 0, -0.9914051, 0.03399685, 0.1263337, 0, 8.551238, -43.64064, 129.704, 1]}
              boundingBox: {min: {x: 0, y: 0, z: -9.688766}, max: {x: 64.79595, y: 133.8748, z: 1}}
              jointTransform: {localId: 20}
            - __class: Joint
              name: alien:LeftHand
              guid: {a: 5494739075845785843, b: 14182476342723362226}
              invBindPosMatrix: {__class: Matrix4x4f, values: [-0.0138197, 0.9930168, -0.1171607, 0, -0.1751169, -0.1177646, -0.9774792, 0, -0.9844506, 0.007008345, 0.1755215, 0, 17.99432, -41.83408, 135.9383, 1]}
              boundingBox: {min: {x: 0, y: 0, z: -9.688766}, max: {x: 72.26167, y: 133.8748, z: 1}}
              jointTransform: {localId: 21}
            - __class: Joint
              name: alien:LeftHandRing1
              guid: {a: 15440701445957909963, b: 5800117115464133249}
              invBindPosMatrix: {__class: Matrix4x4f, values: [-0.1503427, 0.9822382, -0.112273, 0, -0.1572445, -0.1358758, -0.9781677, 0, -0.9760488, -0.129406, 0.1748795, 0, 24.34252, -51.02622, 135.7083, 1]}
              boundingBox: {min: {x: 0, y: 0, z: -9.52037}, max: {x: 74.80473, y: 132.6357, z: 1}}
              jointTransform: {localId: 30}
            - __class: Joint
              name: alien:LeftHandThumb1
              guid: {a: 13207945420070603577, b: 14899172857769329335}
              invBindPosMatrix: {__class: Matrix4x4f, values: [0.445484, 0.8295551, -0.3367229, 0, -0.2096873, -0.268967, -0.9400468, 0, -0.870388, 0.4893824, 0.0541267, 0, -3.482805, -14.46971, 142.993, 1]}
              boundingBox: {min: {x: 0, y: 0, z: -7.729728}, max: {x: 68.37392, y: 132.787, z: 1}}
              jointTransform: {localId: 22}
            - __class: Joint
              name: alien:LeftHandRing2
              guid: {a: 379083244903158802, b: 630755467769500041}
              invBindPosMatrix: {__class: Matrix4x4f, values: [-0.1503427, 0.9611498, -0.2314912, 0, -0.1572445, -0.2544194, -0.9542248, 0, -0.9760488, -0.10706, 0.1893856, 0, 24.3646, -36.25189, 141.1982, 1]}
              boundingBox: {min: {x: 0, y: 0, z: -9.660456}, max: {x: 76.35176, y: 131.1699, z: 1}}
              jointTransform: {localId: 31}
            - __class: Joint
              name: alien:LeftHandIndex1
              guid: {a: 5855343914637613058, b: 2922230852482853804}
              invBindPosMatrix: {__class: Matrix4x4f, values: [0.09964452, 0.9564839, -0.2742435, 0, -0.1874171, -0.2526404, -0.9492353, 0, -0.9772133, 0.145984, 0.1540872, 0, 14.22988, -32.61559, 142.9161, 1]}
              boundingBox: {min: {x: 0, y: 0, z: -6.335199}, max: {x: 73.61196, y: 131.6171, z: 1}}
              jointTransform: {localId: 26}
            - __class: Joint
              name: alien:LeftHandThumb2
              guid: {a: 17098035249640810154, b: 14736801307118311060}
              invBindPosMatrix: {__class: Matrix4x4f, values: [0.445484, 0.7651697, -0.4648217, 0, -0.2096873, -0.4155716, -0.8850601, 0, -0.870388, 0.4917474, -0.02468412, 0, -3.616527, 4.816331, 144.0715, 1]}
              boundingBox: {min: {x: 0, y: 0, z: -4.315682}, max: {x: 68.90823, y: 131.0428, z: 1.039256}}
              jointTransform: {localId: 23}
            - __class: Joint
              name: alien:LeftHandThumb3
              guid: {a: 3838267803173005446, b: 5958216545360395940}
              invBindPosMatrix: {__class: Matrix4x4f, values: [0.445484, 0.7073011, -0.5488799, 0, -0.2096873, -0.5135936, -0.8320174, 0, -0.870388, 0.4857436, -0.08048566, 0, -3.772272, 18.32755, 142.9142, 1]}
              boundingBox: {min: {x: 0, y: 0, z: -3.561624}, max: {x: 68.90823, y: 130.3801, z: 1.039256}}
              jointTransform: {localId: 24}
            - __class: Joint
              name: alien:LeftHandRing3
              guid: {a: 2468483858137293101, b: 2502168123180850857}
              invBindPosMatrix: {__class: Matrix4x4f, values: [-0.1503427, 0.9637099, -0.2205908, 0, -0.1572445, -0.243596, -0.957045, 0, -0.9760488, -0.109198, 0.188161, 0, 24.37106, -39.81183, 140.7563, 1]}
              boundingBox: {min: {x: 0, y: 0, z: -9.660456}, max: {x: 76.35176, y: 130.2035, z: 1}}
              jointTransform: {localId: 32}
            - __class: Joint
              name: alien:LeftHandIndex2
              guid: {a: 15799178880251058841, b: 11885612611244787885}
              invBindPosMatrix: {__class: Matrix4x4f, values: [0.09964452, 0.9430057, -0.3175078, 0, -0.1874171, -0.2955971, -0.9367482, 0, -0.9772133, 0.1528482, 0.1472808, 0, 14.22639, -28.30833, 144.3547, 1]}
              boundingBox: {min: {x: 0, y: 0, z: -3.8835}, max: {x: 75.46426, y: 130.5285, z: 1}}
              jointTransform: {localId: 27}
            - __class: Joint
              name: alien:LeftHandIndex3
              guid: {a: 15225173199326044319, b: 2206953828763689106}
              invBindPosMatrix: {__class: Matrix4x4f, values: [0.09964452, 0.9801959, -0.1711346, 0, -0.1874171, -0.1504233, -0.9706944, 0, -0.9772133, 0.1287979, 0.1687166, 0, 14.21316, -51.90937, 138.0892, 1]}
              boundingBox: {min: {x: 0, y: 0, z: -3.456603}, max: {x: 75.46426, y: 129.835, z: 1}}
              jointTransform: {localId: 28}
            - __class: Joint
              name: alien:RightShoulder
              guid: {a: 8378076290898986755, b: 6911664802752854916}
              invBindPosMatrix: {__class: Matrix4x4f, values: [-0.03814333, -0.9621289, 0.269913, 0, 0.1316032, -0.2725936, -0.9530862, 0, 0.9905683, -0.0008324632, 0.1370169, 0, -12.9714, 31.28185, 130.2676, 1]}
              boundingBox: {min: {x: -35.86703, y: 0, z: -9.974071}, max: {x: 1, y: 138.3184, z: 6.250432}}
              jointTransform: {localId: 34}
            - __class: Joint
              name: alien:RightArm
              guid: {a: 17171825194305537817, b: 6837239844233697451}
              invBindPosMatrix: {__class: Matrix4x4f, values: [-0.06154664, -0.9980084, 0.01383202, 0, 0.1249303, -0.02145222, -0.9919336, 0, 0.9902547, -0.05932214, 0.1260018, 0, -12.48787, -14.13846, 131.0365, 1]}
              boundingBox: {min: {x: -58.59668, y: 0, z: -9.974071}, max: {x: 1, y: 136.8096, z: 4.544266}}
              jointTransform: {localId: 35}
            - __class: Joint
              name: alien:RightForeArm
              guid: {a: 12560346964219210187, b: 15628634318377449648}
              invBindPosMatrix: {__class: Matrix4x4f, values: [0.03474169, -0.9992223, -0.01864649, 0, 0.1264146, 0.02290163, -0.9917131, 0, 0.9913689, 0.0320966, 0.1271119, 0, -8.73674, -43.65354, 129.6865, 1]}
              boundingBox: {min: {x: -65.04977, y: 0, z: -9.668022}, max: {x: 1, y: 133.8685, z: 1}}
              jointTransform: {localId: 36}
            - __class: Joint
              name: alien:RightHand
              guid: {a: 17819009390044295627, b: 16103008267460222122}
              invBindPosMatrix: {__class: Matrix4x4f, values: [-0.00703638, -0.9929034, 0.1187154, 0, 0.156514, -0.1183487, -0.9805595, 0, 0.9876507, 0.01168103, 0.1562361, 0, -15.11592, -41.7211, 136.3234, 1]}
              boundingBox: {min: {x: -71.78228, y: 0, z: -9.668022}, max: {x: 1, y: 133.8685, z: 1}}
              jointTransform: {localId: 37}
            - __class: Joint
              name: alien:RightHandRing1
              guid: {a: 17820079928021586929, b: 12824787480060097416}
              invBindPosMatrix: {__class: Matrix4x4f, values: [-0.1387444, -0.981873, 0.1291329, 0, 0.1394233, -0.1484617, -0.9790405, 0, 0.9804648, -0.1178323, 0.1574942, 0, -21.21449, -49.18337, 136.8727, 1]}
              boundingBox: {min: {x: -74.37962, y: 0, z: -9.629639}, max: {x: 1, y: 132.777, z: 1}}
              jointTransform: {localId: 46}
            - __class: Joint
              name: alien:RightHandThumb1
              guid: {a: 3408404298213729496, b: 13756901832117645494}
              invBindPosMatrix: {__class: Matrix4x4f, values: [0.4269547, -0.8429587, 0.3273078, 0, 0.1924706, -0.2689493, -0.9437274, 0, 0.8835524, 0.4659259, 0.04741556, 0, 4.726552, -15.33717, 142.8935, 1]}
              boundingBox: {min: {x: -67.99632, y: 0, z: -6.862052}, max: {x: 1, y: 132.36, z: 1}}
              jointTransform: {localId: 38}
            - __class: Joint
              name: alien:RightHandThumb2
              guid: {a: 10326368381927321638, b: 3478704768353292983}
              invBindPosMatrix: {__class: Matrix4x4f, values: [0.4269547, -0.7704923, 0.4733406, 0, 0.1924706, -0.4340233, -0.8801016, 0, 0.8835524, 0.4668676, -0.03701118, 0, 4.823285, 6.880486, 143.9982, 1]}
              boundingBox: {min: {x: -69.15574, y: 0, z: -6.033518}, max: {x: 1, y: 131.7688, z: 1.058781}}
              jointTransform: {localId: 39}
            - __class: Joint
              name: alien:RightHandRing2
              guid: {a: 2107877950512409276, b: 14027616842473415862}
              invBindPosMatrix: {__class: Matrix4x4f, values: [-0.1387444, -0.963787, 0.2277382, 0, 0.1394233, -0.2466816, -0.9590148, 0, 0.9804648, -0.1013059, 0.1686001, 0, -21.23891, -37.27988, 141.3659, 1]}
              boundingBox: {min: {x: -76.34957, y: 0, z: -9.640146}, max: {x: 1, y: 131.1581, z: 1}}
              jointTransform: {localId: 47}
            - __class: Joint
              name: alien:RightHandIndex1
              guid: {a: 2901326674638560550, b: 11026062017540599215}
              invBindPosMatrix: {__class: Matrix4x4f, values: [0.09231485, -0.9652301, 0.2445585, 0, 0.167567, -0.227045, -0.9593601, 0, 0.9815291, 0.1295431, 0.1407811, 0, -12.15089, -36.58103, 142.053, 1]}
              boundingBox: {min: {x: -73.84183, y: 0, z: -6.310324}, max: {x: 1, y: 131.9268, z: 1}}
              jointTransform: {localId: 42}
            - __class: Joint
              name: alien:RightHandIndex2
              guid: {a: 14288194357600570661, b: 6315281515024056461}
              invBindPosMatrix: {__class: Matrix4x4f, values: [0.09231485, -0.9400444, 0.3283208, 0, 0.167567, -0.3103598, -0.935734, 0, 0.9815291, 0.1413979, 0.1288696, 0, -12.16051, -26.24273, 144.9151, 1]}
              boundingBox: {min: {x: -75.45647, y: 0, z: -4.384441}, max: {x: 1, y: 131.336, z: 1}}
              jointTransform: {localId: 43}
            - __class: Joint
              name: alien:RightHandThumb3
              guid: {a: 10827841129837908367, b: 5589107665974739871}
              invBindPosMatrix: {__class: Matrix4x4f, values: [0.4269547, -0.7205626, 0.5463509, 0, 0.1924706, -0.5179302, -0.8334887, 0, 0.8835524, 0.4610183, -0.08244562, 0, 4.721592, 18.0291, 142.9205, 1]}
              boundingBox: {min: {x: -68.9097, y: 0, z: -2.85086}, max: {x: 1, y: 129.8853, z: 1.058781}}
              jointTransform: {localId: 40}
            - __class: Joint
              name: alien:RightHandRing3
              guid: {a: 17169496585538292431, b: 3789923395047144603}
              invBindPosMatrix: {__class: Matrix4x4f, values: [-0.1387444, -0.9527118, 0.2703519, 0, 0.1394233, -0.2890644, -0.9471024, 0, 0.9804648, -0.09371179, 0.1729363, 0, -21.25383, -32.94818, 142.9717, 1]}
              boundingBox: {min: {x: -76.34957, y: 0, z: -9.640146}, max: {x: 1, y: 130.431, z: 1}}
              jointTransform: {localId: 48}
            - __class: Joint
              name: alien:RightHandIndex3
              guid: {a: 16305976030887735781, b: 11531938292254562184}
              invBindPosMatrix: {__class: Matrix4x4f, values: [0.09231485, -0.9613758, 0.259296, 0, 0.167567, -0.2416948, -0.9557745, 0, 0.9815291, 0.1316817, 0.1387829, 0, -12.14932, -38.80486, 142.4764, 1]}
              boundingBox: {min: {x: -75.45647, y: 0, z: -3.572057}, max: {x: 1, y: 130.1229, z: 1}}
              jointTransform: {localId: 44}
            - __class: Joint
              name: alien:LeftUpLeg
              guid: {a: 8954306474492912565, b: 4481208167434965414}
              invBindPosMatrix: {__class: Matrix4x4f, values: [-0.999931, -0.01174626, 1e-15, 0, 0.01167631, -0.9939763, -0.1089713, 0, 0.001280005, -0.1089638, 0.9940449, 0, 6.059368, 85.7052, 8.956435, 1]}
              boundingBox: {min: {x: -7.84895, y: 0, z: -11.7135}, max: {x: 13.51867, y: 92.25289, z: 6.968023}}
              jointTransform: {localId: 50}
            - __class: Joint
              name: alien:LeftLeg
              guid: {a: 13855245484339929077, b: 4904729680220995463}
              invBindPosMatrix: {__class: Matrix4x4f, values: [-0.9999299, -0.01183605, 0.0003515515, 0, 0.01177075, -0.9967723, -0.07941346, 0, 0.001290358, -0.07940375, 0.9968417, 0, 6.054988, 46.34402, 7.583886, 1]}
              boundingBox: {min: {x: 0, y: -0.000454, z: -11.92292}, max: {x: 11.30008, y: 60.92667, z: 4.902258}}
              jointTransform: {localId: 51}
            - __class: Joint
              name: alien:LeftFoot
              guid: {a: 16955638551233958266, b: 15021438786465909658}
              invBindPosMatrix: {__class: Matrix4x4f, values: [-0.9903384, -0.1258631, -0.05820908, 0, 0.0226579, -0.5609887, 0.8275133, 0, -0.1368081, 0.8181993, 0.5584204, 0, 4.946066, 10.71615, -1.931386, 1]}
              boundingBox: {min: {x: 0, y: -0.000454, z: -11.92292}, max: {x: 10.52112, y: 36.09584, z: 7.967605}}
              jointTransform: {localId: 52}
            - __class: Joint
              name: alien:LeftToeBase
              guid: {a: 4414187914116170032, b: 7312791822554274211}
              invBindPosMatrix: {__class: Matrix4x4f, values: [-0.9887995, -0.149248, -0.0008257385, 0, 0.004254158, -0.03371416, 0.9994225, 0, -0.1491896, 0.9882249, 0.03397147, 0, 4.987784, -2.060533, -0.854536, 1]}
              boundingBox: {min: {x: 0, y: -0.000454, z: -11.92292}, max: {x: 10.48678, y: 35.6868, z: 7.967605}}
              jointTransform: {localId: 53}
            - __class: Joint
              name: alien:Hips
              guid: {a: 20494435597395596, b: 13141404200636916142}
              invBindPosMatrix: {__class: Matrix4x4f, values: [1, 0, 0, 0, 0, 1, 0, 0, 0, 0, 1, 0, -0.001094818, -91.08688, -0.9918764, 1]}
              boundingBox: {min: {x: -13.65238, y: 0, z: -6.638816}, max: {x: 13.51867, y: 113.1457, z: 10.54827}}
              jointTransform: {localId: 11}
            - __class: Joint
              name: alien:RightUpLeg
              guid: {a: 11334355004058216584, b: 1174159104115367819}
              invBindPosMatrix: {__class: Matrix4x4f, values: [-0.999931, 0.01174288, -1e-15, 0, -0.0116696, -0.9936907, -0.1115461, 0, -0.001309872, -0.1115384, 0.9937593, 0, -6.057489, 85.70335, 8.985096, 1]}
              boundingBox: {min: {x: -13.65238, y: 0, z: -11.70729}, max: {x: 11.80044, y: 92.59279, z: 7.795018}}
              jointTransform: {localId: 55}
            - __class: Joint
              name: alien:Spine1
              guid: {a: 8020660677041529769, b: 11414177578177276070}
              invBindPosMatrix: {__class: Matrix4x4f, values: [1, 0, 0, 0, 0, 0.9912964, 0.1316492, 0, 0, -0.1316492, 0.9912964, 0, -0.001094818, -109.784, -12.97476, 1]}
              boundingBox: {min: {x: -16.87356, y: 0, z: -8.01769}, max: {x: 16.87227, y: 128.2794, z: 10.54827}}
              jointTransform: {localId: 13}
            - __class: Joint
              name: alien:Spine
              guid: {a: 1389659033988740209, b: 1262854163496317323}
              invBindPosMatrix: {__class: Matrix4x4f, values: [1, 0, 0, 0, 0, 0.9912964, 0.1316491, 0, 0, -0.1316491, 0.9912964, 0, -0.001094818, -99.21912, -12.97475, 1]}
              boundingBox: {min: {x: -13.28866, y: 0, z: -6.906618}, max: {x: 13.28881, y: 121.9493, z: 10.54827}}
              jointTransform: {localId: 12}
            - __class: Joint
              name: alien:RightLeg
              guid: {a: 8882286520199098893, b: 7969586243387544196}
              invBindPosMatrix: {__class: Matrix4x4f, values: [-0.99993, 0.01182594, -0.0002626105, 0, -0.01175504, -0.9959213, -0.08945783, 0, -0.001319463, -0.08944848, 0.9959906, 0, -6.053526, 46.27326, 7.959753, 1]}
              boundingBox: {min: {x: -10.96266, y: -0.00125, z: -11.92109}, max: {x: 1, y: 58.97597, z: 4.439122}}
              jointTransform: {localId: 56}
            - __class: Joint
              name: alien:RightFoot
              guid: {a: 2397357821825294952, b: 14487791045086325130}
              invBindPosMatrix: {__class: Matrix4x4f, values: [-0.990858, 0.123755, 0.05371299, 0, -0.02369428, -0.5515926, 0.8337771, 0, 0.1328117, 0.824882, 0.5494822, 0, -4.926538, 10.93278, -1.899927, 1]}
              boundingBox: {min: {x: -10.48419, y: -0.00125, z: -11.92109}, max: {x: 1, y: 33.81862, z: 7.963305}}
              jointTransform: {localId: 57}
            - __class: Joint
              name: alien:RightToeBase
              guid: {a: 17312621973322390610, b: 17264349927763896970}
              invBindPosMatrix: {__class: Matrix4x4f, values: [-0.9883409, 0.1518642, 0.01093505, 0, 0.005786091, -0.03430566, 0.9993947, 0, 0.1521474, 0.9878058, 0.03302699, 0, -4.990603, -1.989551, -0.8032159, 1]}
              boundingBox: {min: {x: -10.44325, y: -0.00125, z: -11.92109}, max: {x: 1, y: 30.45058, z: 7.963305}}
              jointTransform: {localId: 58}
            - __class: Joint
              name: alien:Head
              guid: {a: 16664579380542299688, b: 14657080133688320158}
              invBindPosMatrix: {__class: Matrix4x4f, values: [1, 0, 0, 0, 0, 1, 1e-15, 0, 0, -1e-15, 1, 0, -0.001094818, -143.1157, 3.00257, 1]}
              boundingBox: {min: {x: -12.1833, y: 0, z: -14.22383}, max: {x: 12.19112, y: 178.1379, z: 15.32705}}
              jointTransform: {localId: 16}
            - __class: Joint
              name: alien:Neck
              guid: {a: 2832620441007369846, b: 16417758367870780046}
              invBindPosMatrix: {__class: Matrix4x4f, values: [1, 0, 0, 0, 0, 1, 1e-15, 0, 0, -1e-15, 1, 0, -0.001094818, -135.9709, 4.96894, 1]}
              boundingBox: {min: {x: -7.399506, y: 0, z: -7.252756}, max: {x: 7.367737, y: 151.342, z: 8.44277}}
              jointTransform: {localId: 15}
          positionOnly: false
          useTangent: true
    layer: 0
  - __class: Entity
    name: alien:Bottoms
    guid: {a: 14502489698177701500, b: 12860179532865697712}
    scene: {localId: 1}
    selfvisible: true
    components:
      - {localId: 10}
      - __class: SkinMeshRenderer
        name: mesh3_renderer
        guid: {a: 9962580499009418431, b: 7581140961575461511}
        enabled: true
        sharedMaterials:
          - {localId: 1, path: cd65448f-4b2d-90cd-8ce2-2ca294b45345--cd65448f-4b2d-90cd-8ce2-2ca294b45345-skin.material}
        sortingOrder: 7
        autoSortingOrder: true
        useFrustumCulling: true
        receiveShadow: true
        lightProbeBlendMode:
          __class: LightProbeBlendMode
          value: OFF
        entirePingPong: false
        mesh: {localId: 1, path: 0f580fc5-582b-79db-89e4-14b6e955a9f2--alien:Bottoms.mesh}
        gpuTextureSkinning: false
        useCoarseMesh: false
        castShadow: false
        skin:
          __class: Skin
          name: ""
          guid: {a: 12052568536188338382, b: 15682307216763062969}
          skelRootName: ""
          joints:
            - __class: Joint
              name: alien:Hips
              guid: {a: 10684125545289936350, b: 3288727681743031680}
              invBindPosMatrix: {__class: Matrix4x4f, values: [1, 0, 0, 0, 0, 1, 0, 0, 0, 0, 1, 0, -0.001094818, -91.08688, -0.9918764, 1]}
              boundingBox: {min: {x: -14.2886, y: 0, z: -9.532914}, max: {x: 14.06667, y: 97.55851, z: 11.41669}}
              jointTransform: {localId: 11}
            - __class: Joint
              name: alien:LeftUpLeg
              guid: {a: 526824119263194449, b: 10124891676919874705}
              invBindPosMatrix: {__class: Matrix4x4f, values: [-0.999931, -0.01174626, 1e-15, 0, 0.01167631, -0.9939763, -0.1089713, 0, 0.001280005, -0.1089638, 0.9940449, 0, 6.059368, 85.7052, 8.956435, 1]}
              boundingBox: {min: {x: -9.763073, y: 0, z: -9.532914}, max: {x: 14.06667, y: 91.43338, z: 11.00267}}
              jointTransform: {localId: 50}
            - __class: Joint
              name: alien:RightUpLeg
              guid: {a: 2757834727705185738, b: 12786717888094796478}
              invBindPosMatrix: {__class: Matrix4x4f, values: [-0.999931, 0.01174288, -1e-15, 0, -0.0116696, -0.9936907, -0.1115461, 0, -0.001309872, -0.1115384, 0.9937593, 0, -6.057489, 85.70335, 8.985096, 1]}
              boundingBox: {min: {x: -14.2886, y: 0, z: -9.532914}, max: {x: 12.49618, y: 92.81474, z: 11.23996}}
              jointTransform: {localId: 55}
            - __class: Joint
              name: alien:Spine
              guid: {a: 6937545133157881708, b: 11389532442042833313}
              invBindPosMatrix: {__class: Matrix4x4f, values: [1, 0, 0, 0, 0, 0.9912964, 0.1316491, 0, 0, -0.1316491, 0.9912964, 0, -0.001094818, -99.21912, -12.97475, 1]}
              boundingBox: {min: {x: -12.07358, y: 0, z: -5.945844}, max: {x: 10.557, y: 97.55851, z: 3.061139}}
              jointTransform: {localId: 12}
          positionOnly: false
          useTangent: true
    layer: 0
  - __class: Entity
    name: alien:Hips
    guid: {a: 3983455688521983314, b: 8072934081320372643}
    scene: {localId: 1}
    selfvisible: true
    components:
      - {localId: 11}
    layer: 0
  - __class: Entity
    name: alien:Spine
    guid: {a: 17746993521322156997, b: 14426936223840292279}
    scene: {localId: 1}
    selfvisible: true
    components:
      - {localId: 12}
    layer: 0
  - __class: Entity
    name: alien:Spine1
    guid: {a: 17960906004382608536, b: 14596996548844826271}
    scene: {localId: 1}
    selfvisible: true
    components:
      - {localId: 13}
    layer: 0
  - __class: Entity
    name: alien:Spine2
    guid: {a: 2254417120718193925, b: 11282512539741205423}
    scene: {localId: 1}
    selfvisible: true
    components:
      - {localId: 14}
    layer: 0
  - __class: Entity
    name: alien:Neck
    guid: {a: 8377682940718171991, b: 13532227857691949440}
    scene: {localId: 1}
    selfvisible: true
    components:
      - {localId: 15}
    layer: 0
  - __class: Entity
    name: alien:Head
    guid: {a: 11476818047592186995, b: 1760960800136214154}
    scene: {localId: 1}
    selfvisible: true
    components:
      - {localId: 16}
    layer: 0
  - __class: Entity
    name: alien:HeadTop_End
    guid: {a: 6288910575380525854, b: 12636435815972204945}
    scene: {localId: 1}
    selfvisible: true
    components:
      - {localId: 17}
    layer: 0
  - __class: Entity
    name: alien:LeftShoulder
    guid: {a: 16161160715410705467, b: 2150841765122212266}
    scene: {localId: 1}
    selfvisible: true
    components:
      - {localId: 18}
    layer: 0
  - __class: Entity
    name: alien:LeftArm
    guid: {a: 3765391518906413257, b: 6973257304272148872}
    scene: {localId: 1}
    selfvisible: true
    components:
      - {localId: 19}
    layer: 0
  - __class: Entity
    name: alien:LeftForeArm
    guid: {a: 3189145586000225015, b: 6823625268836160152}
    scene: {localId: 1}
    selfvisible: true
    components:
      - {localId: 20}
    layer: 0
  - __class: Entity
    name: alien:LeftHand
    guid: {a: 1171971057345082988, b: 2096970737898249127}
    scene: {localId: 1}
    selfvisible: true
    components:
      - {localId: 21}
    layer: 0
  - __class: Entity
    name: alien:LeftHandThumb1
    guid: {a: 3622280154817908866, b: 14934331061973613731}
    scene: {localId: 1}
    selfvisible: true
    components:
      - {localId: 22}
    layer: 0
  - __class: Entity
    name: alien:LeftHandThumb2
    guid: {a: 17459425876187285008, b: 15555308617469601667}
    scene: {localId: 1}
    selfvisible: true
    components:
      - {localId: 23}
    layer: 0
  - __class: Entity
    name: alien:LeftHandThumb3
    guid: {a: 6434686722554285151, b: 8868129451488364430}
    scene: {localId: 1}
    selfvisible: true
    components:
      - {localId: 24}
    layer: 0
  - __class: Entity
    name: alien:LeftHandThumb4
    guid: {a: 3192725526058775860, b: 11138953142787662765}
    scene: {localId: 1}
    selfvisible: true
    components:
      - {localId: 25}
    layer: 0
  - __class: Entity
    name: alien:LeftHandIndex1
    guid: {a: 17241958929972977548, b: 6631514604369286807}
    scene: {localId: 1}
    selfvisible: true
    components:
      - {localId: 26}
    layer: 0
  - __class: Entity
    name: alien:LeftHandIndex2
    guid: {a: 12199575675612620170, b: 16270623796294665646}
    scene: {localId: 1}
    selfvisible: true
    components:
      - {localId: 27}
    layer: 0
  - __class: Entity
    name: alien:LeftHandIndex3
    guid: {a: 12488054171620648517, b: 18373814110097079171}
    scene: {localId: 1}
    selfvisible: true
    components:
      - {localId: 28}
    layer: 0
  - __class: Entity
    name: alien:LeftHandIndex4
    guid: {a: 1967012015828339180, b: 3850819475126149518}
    scene: {localId: 1}
    selfvisible: true
    components:
      - {localId: 29}
    layer: 0
  - __class: Entity
    name: alien:LeftHandRing1
    guid: {a: 10254692427146517634, b: 537154318936781971}
    scene: {localId: 1}
    selfvisible: true
    components:
      - {localId: 30}
    layer: 0
  - __class: Entity
    name: alien:LeftHandRing2
    guid: {a: 17098237993616175261, b: 6183306561750052543}
    scene: {localId: 1}
    selfvisible: true
    components:
      - {localId: 31}
    layer: 0
  - __class: Entity
    name: alien:LeftHandRing3
    guid: {a: 7587580198667832951, b: 3508364218177043378}
    scene: {localId: 1}
    selfvisible: true
    components:
      - {localId: 32}
    layer: 0
  - __class: Entity
    name: alien:LeftHandRing4
    guid: {a: 3912126013157732431, b: 16896989810193748893}
    scene: {localId: 1}
    selfvisible: true
    components:
      - {localId: 33}
    layer: 0
  - __class: Entity
    name: alien:RightShoulder
    guid: {a: 9891146596840509862, b: 1186322094938699199}
    scene: {localId: 1}
    selfvisible: true
    components:
      - {localId: 34}
    layer: 0
  - __class: Entity
    name: alien:RightArm
    guid: {a: 13493933172496474558, b: 13624009419640677278}
    scene: {localId: 1}
    selfvisible: true
    components:
      - {localId: 35}
    layer: 0
  - __class: Entity
    name: alien:RightForeArm
    guid: {a: 8451517148057453827, b: 2728739905949959815}
    scene: {localId: 1}
    selfvisible: true
    components:
      - {localId: 36}
    layer: 0
  - __class: Entity
    name: alien:RightHand
    guid: {a: 1679298205386595372, b: 16128864817369375627}
    scene: {localId: 1}
    selfvisible: true
    components:
      - {localId: 37}
    layer: 0
  - __class: Entity
    name: alien:RightHandThumb1
    guid: {a: 10971704149838996882, b: 13518400411475224508}
    scene: {localId: 1}
    selfvisible: true
    components:
      - {localId: 38}
    layer: 0
  - __class: Entity
    name: alien:RightHandThumb2
    guid: {a: 12846838638703537708, b: 5022257928622753954}
    scene: {localId: 1}
    selfvisible: true
    components:
      - {localId: 39}
    layer: 0
  - __class: Entity
    name: alien:RightHandThumb3
    guid: {a: 14213788175857335642, b: 11239149339885636276}
    scene: {localId: 1}
    selfvisible: true
    components:
      - {localId: 40}
    layer: 0
  - __class: Entity
    name: alien:RightHandThumb4
    guid: {a: 6503927716330014485, b: 6430261133490979225}
    scene: {localId: 1}
    selfvisible: true
    components:
      - {localId: 41}
    layer: 0
  - __class: Entity
    name: alien:RightHandIndex1
    guid: {a: 10181245224222031124, b: 4374534659509745082}
    scene: {localId: 1}
    selfvisible: true
    components:
      - {localId: 42}
    layer: 0
  - __class: Entity
    name: alien:RightHandIndex2
    guid: {a: 18195238973102781, b: 3213625583216956843}
    scene: {localId: 1}
    selfvisible: true
    components:
      - {localId: 43}
    layer: 0
  - __class: Entity
    name: alien:RightHandIndex3
    guid: {a: 12992659988669426278, b: 8815730572437847979}
    scene: {localId: 1}
    selfvisible: true
    components:
      - {localId: 44}
    layer: 0
  - __class: Entity
    name: alien:RightHandIndex4
    guid: {a: 8307007473763683266, b: 11099380589897769607}
    scene: {localId: 1}
    selfvisible: true
    components:
      - {localId: 45}
    layer: 0
  - __class: Entity
    name: alien:RightHandRing1
    guid: {a: 12415256524055207361, b: 11037706952279296132}
    scene: {localId: 1}
    selfvisible: true
    components:
      - {localId: 46}
    layer: 0
  - __class: Entity
    name: alien:RightHandRing2
    guid: {a: 3119259831575816058, b: 16838277677846709695}
    scene: {localId: 1}
    selfvisible: true
    components:
      - {localId: 47}
    layer: 0
  - __class: Entity
    name: alien:RightHandRing3
    guid: {a: 9674710433426912145, b: 11711845151897121444}
    scene: {localId: 1}
    selfvisible: true
    components:
      - {localId: 48}
    layer: 0
  - __class: Entity
    name: alien:RightHandRing4
    guid: {a: 2975010203291098975, b: 7503062539788652218}
    scene: {localId: 1}
    selfvisible: true
    components:
      - {localId: 49}
    layer: 0
  - __class: Entity
    name: alien:LeftUpLeg
    guid: {a: 15082219119897539011, b: 17204312662913295018}
    scene: {localId: 1}
    selfvisible: true
    components:
      - {localId: 50}
    layer: 0
  - __class: Entity
    name: alien:LeftLeg
    guid: {a: 12558033083977224035, b: 18264553065938337698}
    scene: {localId: 1}
    selfvisible: true
    components:
      - {localId: 51}
    layer: 0
  - __class: Entity
    name: alien:LeftFoot
    guid: {a: 16737132005405201423, b: 5271382154204317829}
    scene: {localId: 1}
    selfvisible: true
    components:
      - {localId: 52}
    layer: 0
  - __class: Entity
    name: alien:LeftToeBase
    guid: {a: 741961753796307290, b: 15018882123648117130}
    scene: {localId: 1}
    selfvisible: true
    components:
      - {localId: 53}
    layer: 0
  - __class: Entity
    name: alien:LeftToe_End
    guid: {a: 9530115969373766066, b: 3402281008742087062}
    scene: {localId: 1}
    selfvisible: true
    components:
      - {localId: 54}
    layer: 0
  - __class: Entity
    name: alien:RightUpLeg
    guid: {a: 12629813863603183031, b: 16676373242530474399}
    scene: {localId: 1}
    selfvisible: true
    components:
      - {localId: 55}
    layer: 0
  - __class: Entity
    name: alien:RightLeg
    guid: {a: 5858702220192689617, b: 11918825186495742096}
    scene: {localId: 1}
    selfvisible: true
    components:
      - {localId: 56}
    layer: 0
  - __class: Entity
    name: alien:RightFoot
    guid: {a: 7513057955959087022, b: 11873570643171070086}
    scene: {localId: 1}
    selfvisible: true
    components:
      - {localId: 57}
    layer: 0
  - __class: Entity
    name: alien:RightToeBase
    guid: {a: 9963286961119414486, b: 11837440572445154208}
    scene: {localId: 1}
    selfvisible: true
    components:
      - {localId: 58}
    layer: 0
  - __class: Entity
    name: alien:RightToe_End
    guid: {a: 13060704929508025216, b: 4766799032013153978}
    scene: {localId: 1}
    selfvisible: true
    components:
      - {localId: 59}
    layer: 0
  - __class: Entity
    name: Body Avatar Drive
    guid: {a: 12053689647356235040, b: 5985297588018739610}
    scene: {localId: 1}
    selfvisible: false
    components:
      - {localId: 62}
      - __class: JSScriptComponent
        name: ""
